[gd_scene load_steps=13 format=2]

[ext_resource path="res://Level.gd" type="Script" id=1]
[ext_resource path="res://HoverCar.tscn" type="PackedScene" id=2]
[ext_resource path="res://CameraHookController.gd" type="Script" id=3]
[ext_resource path="res://Gles3ParticlesFire.tscn" type="PackedScene" id=4]
[ext_resource path="res://ModelScenes/RealMissiles.tscn" type="PackedScene" id=5]
[ext_resource path="res://ModelScenes/stone.tscn" type="PackedScene" id=6]

[sub_resource type="CubeMesh" id=1]
size = Vector3( 20, 2, 2 )

[sub_resource type="ConvexPolygonShape" id=2]
points = PoolVector3Array( -10, 1, 1, 10, 1, -1, 10, 1, 1, -10, 1, -1, -10, -1, 1, 10, -1, -1, 10, -1, 1, -10, -1, -1, 10, 1, 1, -10, 1, -1, 10, 1, -1, -10, 1, 1, 10, -1, 1, -10, -1, -1, 10, -1, -1, -10, -1, 1, 10, 1, 1, -10, -1, 1, -10, 1, 1, 10, -1, 1, 10, 1, -1, -10, -1, -1, -10, 1, -1, 10, -1, -1 )

[sub_resource type="SpatialMaterial" id=3]
emission_enabled = true
emission = Color( 1, 1, 1, 1 )
emission_energy = 1.0
emission_operator = 0
emission_on_uv2 = false

[sub_resource type="CubeMesh" id=4]
size = Vector3( 1000, 0.1, 1000 )

[sub_resource type="SpatialMaterial" id=5]
albedo_color = Color( 0, 0.458824, 0.137255, 1 )

[sub_resource type="ConcavePolygonShape" id=6]
data = PoolVector3Array( -500, 0.05, 500, 500, 0.05, 500, -500, -0.05, 500, 500, 0.05, 500, 500, -0.05, 500, -500, -0.05, 500, 500, 0.05, -500, -500, 0.05, -500, 500, -0.05, -500, -500, 0.05, -500, -500, -0.05, -500, 500, -0.05, -500, 500, 0.05, 500, 500, 0.05, -500, 500, -0.05, 500, 500, 0.05, -500, 500, -0.05, -500, 500, -0.05, 500, -500, 0.05, -500, -500, 0.05, 500, -500, -0.05, -500, -500, 0.05, 500, -500, -0.05, 500, -500, -0.05, -500, 500, 0.05, 500, -500, 0.05, 500, 500, 0.05, -500, -500, 0.05, 500, -500, 0.05, -500, 500, 0.05, -500, -500, -0.05, 500, 500, -0.05, 500, -500, -0.05, -500, 500, -0.05, 500, 500, -0.05, -500, -500, -0.05, -500 )

[node name="Level" type="Node"]
script = ExtResource( 1 )

[node name="LevelMeshes" type="Node" parent="."]

[node name="MeshInstance" type="MeshInstance" parent="LevelMeshes"]
transform = Transform( 1, 0, 0, 0, 1, 0, 0, 0, 1, -7.58571, 0.105918, 9.1498 )
visible = false
mesh = SubResource( 1 )
material/0 = null

[node name="StaticBody" type="StaticBody" parent="LevelMeshes/MeshInstance"]

[node name="CollisionShape" type="CollisionShape" parent="LevelMeshes/MeshInstance/StaticBody"]
shape = SubResource( 2 )

[node name="MeshInstance2" type="MeshInstance" parent="LevelMeshes"]
transform = Transform( 1, 0, 0, 0, 1, 0, 0, 0, 1, -7.58571, 0.105918, 0.907198 )
visible = false
mesh = SubResource( 1 )
material/0 = null

[node name="StaticBody" type="StaticBody" parent="LevelMeshes/MeshInstance2"]

[node name="CollisionShape" type="CollisionShape" parent="LevelMeshes/MeshInstance2/StaticBody"]
shape = SubResource( 2 )

[node name="MeshInstance3" type="MeshInstance" parent="LevelMeshes"]
transform = Transform( 1, 0, 0, 0, 1, 0, 0, 0, 1, -7.58571, 0.105918, -6.97155 )
visible = false
mesh = SubResource( 1 )
material/0 = SubResource( 3 )

[node name="StaticBody" type="StaticBody" parent="LevelMeshes/MeshInstance3"]

[node name="CollisionShape" type="CollisionShape" parent="LevelMeshes/MeshInstance3/StaticBody"]
shape = SubResource( 2 )

[node name="MeshInstance4" type="MeshInstance" parent="LevelMeshes"]
transform = Transform( 1, 0, 0, 0, 1, 0, 0, 0, 1, 29.2846, 0.105916, -6.67939 )
visible = false
mesh = SubResource( 1 )
material/0 = null

[node name="StaticBody" type="StaticBody" parent="LevelMeshes/MeshInstance4"]

[node name="CollisionShape" type="CollisionShape" parent="LevelMeshes/MeshInstance4/StaticBody"]
shape = SubResource( 2 )

[node name="MeshInstance5" type="MeshInstance" parent="LevelMeshes"]
transform = Transform( 1, 0, 0, 0, 1, 0, 0, 0, 1, 28.7791, 0.105914, 0.947945 )
visible = false
mesh = SubResource( 1 )
material/0 = null

[node name="StaticBody" type="StaticBody" parent="LevelMeshes/MeshInstance5"]

[node name="CollisionShape" type="CollisionShape" parent="LevelMeshes/MeshInstance5/StaticBody"]
shape = SubResource( 2 )

[node name="MeshInstance6" type="MeshInstance" parent="LevelMeshes"]
transform = Transform( 1, 0, 0, 0, 1, 0, 0, 0, 1, 28.2849, 0.105916, 8.40354 )
visible = false
mesh = SubResource( 1 )
material/0 = null

[node name="StaticBody" type="StaticBody" parent="LevelMeshes/MeshInstance6"]

[node name="CollisionShape" type="CollisionShape" parent="LevelMeshes/MeshInstance6/StaticBody"]
shape = SubResource( 2 )

[node name="DirectionalLight" type="DirectionalLight" parent="."]
transform = Transform( 0.79291, 0.461373, -0.398031, 0.592609, -0.735898, 0.327518, -0.141802, -0.495569, -0.856915, 0, 35.5229, 0 )
shadow_enabled = true
shadow_bias = 0.0

[node name="HoverCar" parent="." instance=ExtResource( 2 )]
transform = Transform( 1, 0, 0, 0, 1, 0, 0, 0, 1, 8.11763, 10.709, 0 )
can_sleep = false

[node name="Gles3ParticlesFire" parent="HoverCar" instance=ExtResource( 4 )]
transform = Transform( 1, 0, 0, 0, -0.100796, -0.994907, 0, 0.994907, -0.100796, 1.97235, 0.208467, 3.00042 )

[node name="LevelCamera" type="Camera" parent="."]
transform = Transform( 1, 0, 0, 0, 0.910796, 0.412857, 0, -0.412857, 0.910796, 0, 9.58624, 12.3921 )
far = 1000.0

[node name="Camera" type="Camera" parent="."]
current = true
fov = 80.0
far = 500.0
script = ExtResource( 3 )
smooth_factor = 0.1
zoom_out_factor = 2.0

[node name="CameraHook" type="Spatial" parent="."]

[node name="GIProbe" type="GIProbe" parent="."]
visible = false
extents = Vector3( 86.084, 20.7554, 115.967 )
compress = true

[node name="Missiles" type="Spatial" parent="."]

[node name="missile" parent="Missiles" instance=ExtResource( 5 )]
transform = Transform( 1, 0, 0, 0, 1, 0, 0, 0, 1, -30.0871, 11.686, -10.3069 )

[node name="missile2" parent="Missiles" instance=ExtResource( 5 )]
transform = Transform( 1, 0, 0, 0, 1, 0, 0, 0, 1, 12.8663, 11.686, 33.1754 )

[node name="missile4" parent="Missiles" instance=ExtResource( 5 )]
transform = Transform( 0.635741, 0, 0.771902, 0, 1, 0, -0.771902, 0, 0.635741, -188.369, 11.686, -54.0044 )

[node name="missile3" parent="Missiles" instance=ExtResource( 5 )]
transform = Transform( 0.635741, 0, 0.771902, 0, 1, 0, -0.771902, 0, 0.635741, -127.498, 11.686, -59.5167 )

[node name="missile8" parent="Missiles" instance=ExtResource( 5 )]
transform = Transform( 1, 0, 0, 0, 1, 0, 0, 0, 1, -120.139, 11.686, 167.545 )

[node name="missile7" parent="Missiles" instance=ExtResource( 5 )]
transform = Transform( 1, 0, 0, 0, 1, 0, 0, 0, 1, -77.1852, 11.686, 211.027 )

[node name="missile6" parent="Missiles" instance=ExtResource( 5 )]
transform = Transform( 0.635741, 0, 0.771902, 0, 1, 0, -0.771902, 0, 0.635741, -278.421, 11.686, 123.847 )

[node name="missile5" parent="Missiles" instance=ExtResource( 5 )]
transform = Transform( 0.635741, 0, 0.771902, 0, 1, 0, -0.771902, 0, 0.635741, -217.55, 11.686, 118.335 )

[node name="missile12" parent="Missiles" instance=ExtResource( 5 )]
transform = Transform( 1, 0, 0, 0, 1, 0, 0, 0, 1, 183.787, 11.686, -83.4757 )

[node name="missile11" parent="Missiles" instance=ExtResource( 5 )]
transform = Transform( 1, 0, 0, 0, 1, 0, 0, 0, 1, 226.741, 11.686, -39.9937 )

[node name="missile10" parent="Missiles" instance=ExtResource( 5 )]
transform = Transform( 0.635741, 0, 0.771902, 0, 1, 0, -0.771902, 0, 0.635741, 25.5052, 11.686, -127.174 )

[node name="missile9" parent="Missiles" instance=ExtResource( 5 )]
transform = Transform( 0.635741, 0, 0.771902, 0, 1, 0, -0.771902, 0, 0.635741, 86.3762, 11.686, -132.686 )

[node name="MeshInstance" type="MeshInstance" parent="."]
mesh = SubResource( 4 )
material/0 = SubResource( 5 )

[node name="StaticBody" type="StaticBody" parent="MeshInstance"]

[node name="CollisionShape" type="CollisionShape" parent="MeshInstance/StaticBody"]
shape = SubResource( 6 )

[node name="Stones" type="Spatial" parent="."]

[node name="stone" parent="Stones" instance=ExtResource( 6 )]

[node name="stone2" parent="Stones" instance=ExtResource( 6 )]
transform = Transform( 1, 0, 0, 0, 1, 0, 0, 0, 1, 44.0125, 0, -23.2066 )

[node name="stone3" parent="Stones" instance=ExtResource( 6 )]
transform = Transform( 1, 0, 0, 0, 1, 0, 0, 0, 1, -75.5875, 0, -20.4066 )

[node name="stone4" parent="Stones" instance=ExtResource( 6 )]
transform = Transform( 1, 0, 0, 0, 1, 0, 0, 0, 1, -8.78746, 0, -44.0066 )

[node name="stone5" parent="Stones" instance=ExtResource( 6 )]
transform = Transform( 1, 0, 0, 0, 1, 0, 0, 0, 1, -110.787, 0, 10.3934 )

[node name="stone10" parent="Stones" instance=ExtResource( 6 )]
transform = Transform( 1, 0, 0, 0, 1, 0, 0, 0, 1, -97.6099, 0, -69.1043 )

[node name="stone9" parent="Stones" instance=ExtResource( 6 )]
transform = Transform( 1, 0, 0, 0, 1, 0, 0, 0, 1, -53.5974, 0, -92.3109 )

[node name="stone8" parent="Stones" instance=ExtResource( 6 )]
transform = Transform( 1, 0, 0, 0, 1, 0, 0, 0, 1, -173.197, 0, -89.5109 )

[node name="stone7" parent="Stones" instance=ExtResource( 6 )]
transform = Transform( 1, 0, 0, 0, 1, 0, 0, 0, 1, -106.397, 0, -113.111 )

[node name="stone6" parent="Stones" instance=ExtResource( 6 )]
transform = Transform( 1, 0, 0, 0, 1, 0, 0, 0, 1, -208.397, 0, -58.7109 )

[node name="stone15" parent="Stones" instance=ExtResource( 6 )]
transform = Transform( 0.755053, 0, -0.655664, 0, 1, 0, 0.655664, 0, 0.755053, 177.75, 0, -89.3375 )

[node name="stone14" parent="Stones" instance=ExtResource( 6 )]
transform = Transform( 0.755053, 0, -0.655664, 0, 1, 0, 0.655664, 0, 0.755053, 226.197, 0, -78.0023 )

[node name="stone13" parent="Stones" instance=ExtResource( 6 )]
transform = Transform( 0.755053, 0, -0.655664, 0, 1, 0, 0.655664, 0, 0.755053, 134.057, 0, -154.306 )

[node name="stone12" parent="Stones" instance=ExtResource( 6 )]
transform = Transform( 0.755053, 0, -0.655664, 0, 1, 0, 0.655664, 0, 0.755053, 199.968, 0, -128.326 )

[node name="stone11" parent="Stones" instance=ExtResource( 6 )]
transform = Transform( 0.755053, 0, -0.655664, 0, 1, 0, 0.655664, 0, 0.755053, 87.2848, 0, -154.129 )

[node name="stone30" parent="Stones" instance=ExtResource( 6 )]
transform = Transform( 0.909345, 0, 0.416043, 0, 1, 0, -0.416043, 0, 0.909345, -193.04, 0, -202.361 )

[node name="stone29" parent="Stones" instance=ExtResource( 6 )]
transform = Transform( 0.909345, 0, 0.416043, 0, 1, 0, -0.416043, 0, 0.909345, -162.673, 0, -241.775 )

[node name="stone28" parent="Stones" instance=ExtResource( 6 )]
transform = Transform( 0.909345, 0, 0.416043, 0, 1, 0, -0.416043, 0, 0.909345, -270.266, 0, -189.47 )

[node name="stone27" parent="Stones" instance=ExtResource( 6 )]
transform = Transform( 0.909345, 0, 0.416043, 0, 1, 0, -0.416043, 0, 0.909345, -219.34, 0, -238.722 )

[node name="stone26" parent="Stones" instance=ExtResource( 6 )]
transform = Transform( 0.909345, 0, 0.416043, 0, 1, 0, -0.416043, 0, 0.909345, -289.46, 0, -146.818 )

[node name="stone25" parent="Stones" instance=ExtResource( 6 )]
transform = Transform( 0.909345, 0, 0.416043, 0, 1, 0, -0.416043, 0, 0.909345, -310.552, 0, -224.591 )

[node name="stone24" parent="Stones" instance=ExtResource( 6 )]
transform = Transform( 0.909345, 0, 0.416043, 0, 1, 0, -0.416043, 0, 0.909345, -280.184, 0, -264.005 )

[node name="stone23" parent="Stones" instance=ExtResource( 6 )]
transform = Transform( 0.909345, 0, 0.416043, 0, 1, 0, -0.416043, 0, 0.909345, -387.777, 0, -211.7 )

[node name="stone22" parent="Stones" instance=ExtResource( 6 )]
transform = Transform( 0.909345, 0, 0.416043, 0, 1, 0, -0.416043, 0, 0.909345, -336.851, 0, -260.952 )

[node name="stone21" parent="Stones" instance=ExtResource( 6 )]
transform = Transform( 0.909345, 0, 0.416043, 0, 1, 0, -0.416043, 0, 0.909345, -406.972, 0, -169.048 )

[node name="stone20" parent="Stones" instance=ExtResource( 6 )]
transform = Transform( 0.959388, 0, -0.28209, 0, 1, 0, 0.28209, 0, 0.959388, -68.5729, 0, -357.551 )

[node name="stone19" parent="Stones" instance=ExtResource( 6 )]
transform = Transform( 0.959388, 0, -0.28209, 0, 1, 0, 0.28209, 0, 0.959388, -19.8014, 0, -367.4 )

[node name="stone18" parent="Stones" instance=ExtResource( 6 )]
transform = Transform( 0.959388, 0, -0.28209, 0, 1, 0, 0.28209, 0, 0.959388, -135.334, 0, -398.452 )

[node name="stone17" parent="Stones" instance=ExtResource( 6 )]
transform = Transform( 0.959388, 0, -0.28209, 0, 1, 0, 0.28209, 0, 0.959388, -64.5896, 0, -402.25 )

[node name="stone16" parent="Stones" instance=ExtResource( 6 )]
transform = Transform( 0.959388, 0, -0.28209, 0, 1, 0, 0.28209, 0, 0.959388, -177.793, 0, -378.832 )

[node name="stone60" parent="Stones" instance=ExtResource( 6 )]
transform = Transform( 0.922295, 0, -0.386486, 0, 1, 0, 0.386486, 0, 0.922295, 152.226, 0, 200.601 )

[node name="stone59" parent="Stones" instance=ExtResource( 6 )]
transform = Transform( 0.922295, 0, -0.386486, 0, 1, 0, 0.386486, 0, 0.922295, 201.788, 0, 196.208 )

[node name="stone58" parent="Stones" instance=ExtResource( 6 )]
transform = Transform( 0.922295, 0, -0.386486, 0, 1, 0, 0.386486, 0, 0.922295, 90.3993, 0, 152.567 )

[node name="stone57" parent="Stones" instance=ExtResource( 6 )]
transform = Transform( 0.922295, 0, -0.386486, 0, 1, 0, 0.386486, 0, 0.922295, 161.13, 0, 156.618 )

[node name="stone56" parent="Stones" instance=ExtResource( 6 )]
transform = Transform( 0.922295, 0, -0.386486, 0, 1, 0, 0.386486, 0, 0.922295, 46.0307, 0, 167.369 )

[node name="stone55" parent="Stones" instance=ExtResource( 6 )]
transform = Transform( 0.922295, 0, -0.386486, 0, 1, 0, 0.386486, 0, 0.922295, 88.9091, 0, 99.1416 )

[node name="stone54" parent="Stones" instance=ExtResource( 6 )]
transform = Transform( 0.922295, 0, -0.386486, 0, 1, 0, 0.386486, 0, 0.922295, 138.471, 0, 94.7485 )

[node name="stone53" parent="Stones" instance=ExtResource( 6 )]
transform = Transform( 0.922295, 0, -0.386486, 0, 1, 0, 0.386486, 0, 0.922295, 27.0819, 0, 51.1073 )

[node name="stone52" parent="Stones" instance=ExtResource( 6 )]
transform = Transform( 0.922295, 0, -0.386486, 0, 1, 0, 0.386486, 0, 0.922295, 97.8123, 0, 55.1583 )

[node name="stone51" parent="Stones" instance=ExtResource( 6 )]
transform = Transform( 0.922295, 0, -0.386486, 0, 1, 0, 0.386486, 0, 0.922295, -17.2866, 0, 65.9097 )

[node name="stone50" parent="Stones" instance=ExtResource( 6 )]
transform = Transform( 0.442977, 0, -0.896533, 0, 1, 0, 0.896533, 0, 0.442977, 350.692, 0, 186.903 )

[node name="stone49" parent="Stones" instance=ExtResource( 6 )]
transform = Transform( 0.442977, 0, -0.896533, 0, 1, 0, 0.896533, 0, 0.442977, 390.994, 0, 216.082 )

[node name="stone48" parent="Stones" instance=ExtResource( 6 )]
transform = Transform( 0.442977, 0, -0.896533, 0, 1, 0, 0.896533, 0, 0.442977, 335.503, 0, 110.097 )

[node name="stone47" parent="Stones" instance=ExtResource( 6 )]
transform = Transform( 0.442977, 0, -0.896533, 0, 1, 0, 0.896533, 0, 0.442977, 386.253, 0, 159.531 )

[node name="stone46" parent="Stones" instance=ExtResource( 6 )]
transform = Transform( 0.442977, 0, -0.896533, 0, 1, 0, 0.896533, 0, 0.442977, 292.297, 0, 92.1827 )

[node name="stone45" parent="Stones" instance=ExtResource( 6 )]
transform = Transform( 0.999479, 0, 0.0322655, 0, 1, 0, -0.0322655, 0, 0.999479, 52.3957, 0, -60.6431 )

[node name="stone44" parent="Stones" instance=ExtResource( 6 )]
transform = Transform( 0.999479, 0, 0.0322655, 0, 1, 0, -0.0322655, 0, 0.999479, 95.6366, 0, -85.2578 )

[node name="stone43" parent="Stones" instance=ExtResource( 6 )]
transform = Transform( 0.999479, 0, 0.0322655, 0, 1, 0, -0.0322655, 0, 0.999479, -23.8108, 0, -78.6003 )

[node name="stone42" parent="Stones" instance=ExtResource( 6 )]
transform = Transform( 0.999479, 0, 0.0322655, 0, 1, 0, -0.0322655, 0, 0.999479, 42.193, 0, -104.343 )

[node name="stone41" parent="Stones" instance=ExtResource( 6 )]
transform = Transform( 0.999479, 0, 0.0322655, 0, 1, 0, -0.0322655, 0, 0.999479, -57.9987, 0, -46.6805 )

[node name="stone40" parent="Stones" instance=ExtResource( 6 )]
transform = Transform( 0.999479, 0, 0.0322655, 0, 1, 0, -0.0322655, 0, 0.999479, -47.393, 0, -126.562 )

[node name="stone39" parent="Stones" instance=ExtResource( 6 )]
transform = Transform( 0.999479, 0, 0.0322655, 0, 1, 0, -0.0322655, 0, 0.999479, -4.15216, 0, -151.177 )

[node name="stone38" parent="Stones" instance=ExtResource( 6 )]
transform = Transform( 0.999479, 0, 0.0322655, 0, 1, 0, -0.0322655, 0, 0.999479, -123.6, 0, -144.519 )

[node name="stone37" parent="Stones" instance=ExtResource( 6 )]
transform = Transform( 0.999479, 0, 0.0322655, 0, 1, 0, -0.0322655, 0, 0.999479, -57.5958, 0, -170.262 )

[node name="stone36" parent="Stones" instance=ExtResource( 6 )]
transform = Transform( 0.999479, 0, 0.0322655, 0, 1, 0, -0.0322655, 0, 0.999479, -157.787, 0, -112.599 )

[node name="stone35" parent="Stones" instance=ExtResource( 6 )]
transform = Transform( 0.775815, 0, -0.63096, 0, 1, 0, 0.63096, 0, 0.775815, 227.17, 0, -155.669 )

[node name="stone34" parent="Stones" instance=ExtResource( 6 )]
transform = Transform( 0.775815, 0, -0.63096, 0, 1, 0, 0.63096, 0, 0.775815, 275.958, 0, -145.903 )

[node name="stone33" parent="Stones" instance=ExtResource( 6 )]
transform = Transform( 0.775815, 0, -0.63096, 0, 1, 0, 0.63096, 0, 0.775815, 181.404, 0, -219.194 )

[node name="stone32" parent="Stones" instance=ExtResource( 6 )]
transform = Transform( 0.775815, 0, -0.63096, 0, 1, 0, 0.63096, 0, 0.775815, 248.119, 0, -195.355 )

[node name="stone31" parent="Stones" instance=ExtResource( 6 )]
transform = Transform( 0.775815, 0, -0.63096, 0, 1, 0, 0.63096, 0, 0.775815, 134.662, 0, -217.508 )
